[ 1.16570461e+00  1.14719987e+00  1.12878883e+00  1.11004090e+00
  1.09082580e+00  1.07130516e+00  1.05192089e+00  1.03263211e+00
  1.01333916e+00  9.93889451e-01  9.74964082e-01  9.56181586e-01
  9.37410235e-01  9.18690562e-01  9.00327206e-01  8.81880164e-01
  8.63499224e-01  8.45320821e-01  8.26964259e-01  8.08240235e-01
  7.88970888e-01  7.69905865e-01  7.50930965e-01  7.31943727e-01
  7.13003337e-01  6.93422794e-01  6.74276948e-01  6.55105591e-01
  6.36102617e-01  6.16497338e-01  5.96956551e-01  5.77175081e-01
  5.56892097e-01  5.35852849e-01  5.15625775e-01  4.95800227e-01
  4.76327658e-01  4.56575036e-01  4.36727107e-01  4.17058140e-01
  3.96876991e-01  3.77098680e-01  3.58140796e-01  3.38742793e-01
  3.19789946e-01  3.01591724e-01  2.82237589e-01  2.62107730e-01
  2.42187500e-01  2.22709090e-01  2.03628287e-01  1.83868095e-01
  1.63808122e-01  1.43816635e-01  1.25082344e-01  1.05638556e-01
  8.48370567e-02  6.33994862e-02  4.23814319e-02  2.17808969e-02
  1.36902265e-03 -1.90809518e-02 -3.95216420e-02 -5.97031899e-02
 -8.12080726e-02 -1.03578061e-01 -1.28446445e-01 -1.55216083e-01
 -1.81835741e-01 -2.09593534e-01 -2.36614883e-01 -2.63065100e-01
 -2.90511012e-01 -3.16713333e-01 -3.42958450e-01 -3.67421299e-01
 -3.85961145e-01 -4.02897358e-01 -4.21724677e-01 -4.38086659e-01
 -4.50875610e-01 -4.60805297e-01 -4.69121963e-01 -4.83445019e-01
 -5.01686037e-01 -5.26126921e-01 -5.56882739e-01 -5.91644824e-01
 -6.26819789e-01 -6.60614192e-01 -6.89517140e-01 -7.16720104e-01
 -7.47631490e-01 -7.72024214e-01 -7.93463469e-01 -8.10883641e-01
 -8.25131774e-01 -8.40974629e-01 -8.57194245e-01 -8.80168736e-01
 -9.07922924e-01 -9.35195208e-01 -9.61446404e-01 -9.79934275e-01
 -9.90429401e-01 -9.96747792e-01 -9.99468923e-01 -9.91421342e-01
 -9.77653980e-01 -9.57366526e-01 -9.36187148e-01 -9.06096160e-01
 -8.67642939e-01 -8.22398067e-01 -7.76224196e-01 -7.27690041e-01
 -6.80840313e-01 -6.38691008e-01 -5.95024705e-01 -5.43883204e-01
 -4.83054698e-01 -4.14139032e-01 -3.40619117e-01 -2.64282942e-01
 -1.83734015e-01 -1.03509068e-01 -2.13088803e-02  6.22153915e-02
  1.45229757e-01  2.25755811e-01  3.04685116e-01  3.80920559e-01
  4.53306586e-01  5.24040282e-01  5.94278932e-01  6.64836049e-01
  7.36972630e-01  8.08301508e-01  8.76883686e-01  9.43380296e-01
  1.01056027e+00  1.07597017e+00  1.14217973e+00  1.20726061e+00
  1.27093101e+00  1.33337700e+00  1.39382160e+00  1.45342398e+00
  1.51275516e+00  1.57281744e+00  1.63293397e+00  1.69300902e+00
  1.75143874e+00  1.80888605e+00  1.86651409e+00  1.92324865e+00
  1.97958922e+00  2.03620028e+00  2.09275746e+00  2.14849329e+00
  2.20414233e+00  2.26024556e+00  2.31617618e+00  2.37213254e+00
  2.42706490e+00  2.48147917e+00  2.53590584e+00  2.59038472e+00
  2.64376736e+00  2.69680357e+00  2.74950695e+00  2.80166912e+00
  2.85418987e+00  2.90653753e+00  2.95814896e+00  3.00950193e+00
  3.06072211e+00  3.11193371e+00  3.16338396e+00  3.21492338e+00
  3.26631451e+00  3.31781960e+00  3.36946106e+00  3.42136979e+00
  3.47333241e+00  3.52546763e+00  3.57751656e+00  3.62956762e+00
  3.68163133e+00  3.73410678e+00  3.78625607e+00  3.83799267e+00
  3.88928747e+00  3.94066429e+00  3.99178886e+00  4.04257107e+00
  4.09336567e+00  4.14398575e+00  4.19457293e+00  4.24515629e+00]