[2.4008029  2.3653271  2.3299167  2.2946396  2.2592528  2.2239275
 2.1889842  2.1542444  2.1196449  2.085205   2.051429   2.0179443
 1.9847353  1.9514513  1.9178873  1.8847883  1.8518947  1.8193245
 1.7866608  1.7545846  1.7230964  1.6918939  1.6609591  1.6301221
 1.5998945  1.5705316  1.5418551  1.5149796  1.4883828  1.461529
 1.4347618  1.4084834  1.3824487  1.357684   1.3333035  1.3095522
 1.2865117  1.263593   1.2410244  1.2184926  1.1959771  1.173747
 1.1517187  1.1291637  1.1071978  1.0856812  1.0646503  1.0437144
 1.0225816  1.0022435  0.9825213  0.9634504  0.94526017 0.92867273
 0.9122606  0.89578927 0.87947094 0.8638831  0.8488713  0.83295727
 0.817319   0.8028405  0.78878593 0.77315867 0.7599306  0.74847543
 0.7388081  0.72967935 0.7208244  0.71142656 0.70203435 0.69267976
 0.68399525 0.67655843 0.6696233  0.6643332  0.6603261  0.6578201
 0.6562633  0.65623784 0.65440756 0.6509591  0.648275   0.644527
 0.6405869  0.6362602  0.6306208  0.6261518  0.62352484 0.6223137
 0.62032795 0.6175913  0.6145346  0.61529595 0.6157932  0.61611754
 0.6161108  0.61538136 0.6162689  0.616669   0.61702234 0.6169468
 0.6147901  0.61097276 0.6071141  0.60435927 0.60335404 0.6059843
 0.61037403 0.6145765  0.62040466 0.62785184 0.6340251  0.63870895
 0.6433639  0.645005   0.6474816  0.64914006 0.65110105 0.65376973
 0.6577395  0.66213095 0.666369   0.6701319  0.67169225 0.6732041
 0.67885876 0.6832435  0.68776536 0.6918597  0.69593376 0.70000327
 0.70385855 0.70716244 0.70964617 0.7138596  0.71874595 0.72367096
 0.72947556 0.73963976 0.7532824  0.770136   0.7897109  0.8114283
 0.83449304 0.8587789  0.8851274  0.9133324  0.94268966 0.9742358
 1.0068511  1.0393776  1.0733575  1.1077143  1.1425045  1.178491
 1.2153447  1.252497   1.290194   1.329067   1.3687781  1.4085642
 1.4488435  1.4891415  1.5288373  1.5683488  1.6084394  1.6488514
 1.689999   1.731561   1.7736742  1.8156437  1.8580104  1.9008434
 1.9449676  1.9902134  2.0356097  2.081038   2.126561   2.1720855
 2.2178879  2.2637575  2.3095338  2.3554053  2.401158   2.446469
 2.491904   2.5375023  2.5831456  2.628821   2.6745777  2.7205577
 2.7661486  2.8120065  2.8580596  2.9041216  2.9500084  2.9961305
 3.042616   3.0891895 ]