[-0.11965265 -0.1264372  -0.13355823 -0.14101322 -0.14859481 -0.15610647
 -0.16367179 -0.17135303 -0.17859419 -0.18595992 -0.19343905 -0.20126218
 -0.20917507 -0.21712098 -0.22475675 -0.23235455 -0.23988315 -0.24723049
 -0.2546097  -0.2619691  -0.2692984  -0.27695283 -0.28496233 -0.29286212
 -0.30065966 -0.3084321  -0.3163935  -0.32470286 -0.33321446 -0.34211403
 -0.3512277  -0.35959613 -0.36734685 -0.37488315 -0.3823724  -0.38952547
 -0.39679664 -0.40469742 -0.41238046 -0.42106274 -0.4293295  -0.43799832
 -0.44687337 -0.45576832 -0.46491805 -0.4739239  -0.48305812 -0.49165523
 -0.5005995  -0.51005536 -0.5190238  -0.52817404 -0.5374468  -0.5467599
 -0.55674577 -0.56695175 -0.57693815 -0.58719426 -0.59646076 -0.60455775
 -0.61217785 -0.61875874 -0.6275894  -0.63589287 -0.6450667  -0.6541296
 -0.6639417  -0.6742156  -0.6834235  -0.69132036 -0.696644   -0.6991868
 -0.7014371  -0.7035131  -0.70282    -0.69947207 -0.6947444  -0.68801135
 -0.674646   -0.6590204  -0.6428305  -0.626249   -0.6086367  -0.59524536
 -0.5822093  -0.5694989  -0.55550826 -0.5416198  -0.5287731  -0.5184709
 -0.51143    -0.5105326  -0.51141536 -0.5129138  -0.5158403  -0.52502
 -0.5349238  -0.54249847 -0.5503777  -0.5584411  -0.56264395 -0.5704448
 -0.584251   -0.5993506  -0.6156609  -0.629963   -0.63910764 -0.6388721
 -0.63193977 -0.62276    -0.60569704 -0.5783286  -0.539922   -0.48518676
 -0.42171606 -0.35510302 -0.28157455 -0.20638551 -0.13225871 -0.05131623
  0.03372085  0.11969765  0.20755376  0.29770014  0.39244547  0.4895921
  0.5880453   0.68583316  0.7835906   0.87921727  0.97342855  1.0654141
  1.1547494   1.2382812   1.319317    1.3960036   1.4733229   1.5511568
  1.6287693   1.7042776   1.7785782   1.8521892   1.9251359   1.999403
  2.0740252   2.1489503   2.223534    2.2985828   2.3738213   2.4493167
  2.5246797   2.5997267   2.6746294   2.7484486   2.820916    2.8936584
  2.9664085   3.0393028   3.1118367   3.185031    3.2575438   3.328904
  3.400508    3.4716663   3.5429935   3.6146026   3.6866508   3.758495
  3.8299425   3.9014506   3.9725366   4.0432754   4.1136003   4.184487
  4.2548685   4.325151    4.395451    4.465825    4.5363255   4.6067877
  4.676903    4.7472878   4.8176723   4.8879685   4.958288    5.028404
  5.097954    5.1672063   5.2364907   5.3060846   5.3757176   5.4446325
  5.5128975   5.5816264   5.6504774   5.719167    5.7878847   5.8565083
  5.9249763   5.9933467 ]