[2.811419   2.7694619  2.7275379  2.6856878  2.6441536  2.602643
 2.5611556  2.5199988  2.4792676  2.4389365  2.3986487  2.358356
 2.318296   2.2780879  2.2383323  2.1995444  2.160622   2.1214046
 2.081848   2.042118   2.0023327  1.962858   1.9235911  1.8848554
 1.8469394  1.8093449  1.7718773  1.7346213  1.6972632  1.6603456
 1.6236322  1.5875247  1.5525309  1.5177312  1.4826028  1.4481034
 1.4139107  1.3801751  1.3468344  1.3139299  1.2818358  1.2509894
 1.22093    1.1909758  1.1610926  1.1327966  1.105066   1.0776776
 1.0519518  1.0271606  1.0037401  0.98213273 0.9617824  0.9421767
 0.9237456  0.9071512  0.891552   0.8767379  0.86360407 0.85080165
 0.83955973 0.82968396 0.8216858  0.81408095 0.8074294  0.80084324
 0.7937153  0.78486586 0.77536434 0.7663032  0.7574974  0.74972045
 0.74314266 0.73597014 0.72921044 0.7239521  0.7178335  0.7102689
 0.7020028  0.6941456  0.6851725  0.6759261  0.6681979  0.661818
 0.6559986  0.6505404  0.64700216 0.64513403 0.6437697  0.6419986
 0.64049214 0.6386123  0.6374245  0.63641644 0.6375542  0.6378468
 0.6363508  0.6351123  0.63325304 0.63207316 0.6311059  0.63218033
 0.6342136  0.63450927 0.6332891  0.63075906 0.62889075 0.62782866
 0.62639433 0.6281533  0.6309025  0.63430613 0.6381231  0.6417199
 0.64594185 0.6500417  0.65280527 0.65616286 0.65862155 0.6632131
 0.67033994 0.6786311  0.68820167 0.69740987 0.7081385  0.71838963
 0.72597533 0.7333481  0.7406118  0.7490969  0.7577921  0.7663838
 0.77331275 0.77998537 0.7877271  0.7971402  0.80746764 0.81882155
 0.8306343  0.84364533 0.8569561  0.8709996  0.8858756  0.9021395
 0.91959774 0.93808913 0.9576871  0.9778304  0.99688196 1.016081
 1.0354426  1.0549535  1.0750449  1.0960693  1.1181033  1.1406889
 1.1640031  1.1882333  1.2133645  1.238484   1.2639083  1.2888227
 1.3140123  1.3395067  1.365547   1.3916868  1.4183407  1.4454117
 1.4726288  1.5003636  1.528788   1.5575675  1.5869619  1.6174116
 1.6479596  1.6782017  1.7084545  1.739232   1.7707926  1.8028512
 1.8353304  1.8674084  1.899721   1.9322478  1.9650234  1.9978851
 2.0304925  2.0632071  2.0958405  2.128539   2.1615202  2.1949434
 2.228306   2.261441   2.2944424  2.3276498  2.361202   2.3948503
 2.428505   2.4619336 ]