[-0.5222526  -0.52822703 -0.53448355 -0.5406372  -0.5465249  -0.5523827
 -0.55815184 -0.5637763  -0.5693036  -0.5744969  -0.5792399  -0.58404356
 -0.5890642  -0.594048   -0.59929675 -0.6041938  -0.6087285  -0.61302537
 -0.6173741  -0.621739   -0.6259381  -0.6297538  -0.63252026 -0.6348041
 -0.6368742  -0.638735   -0.6403846  -0.6417768  -0.64254934 -0.6430512
 -0.6429968  -0.6426701  -0.64242    -0.6417012  -0.6405813  -0.6394836
 -0.6387609  -0.6368644  -0.63413316 -0.63096017 -0.62815285 -0.6247868
 -0.6202375  -0.6135548  -0.6050202  -0.59539336 -0.5844634  -0.5727067
 -0.5607362  -0.5485083  -0.5371187  -0.5247993  -0.51126856 -0.49672586
 -0.47974113 -0.4623139  -0.44389826 -0.4230724  -0.4003245  -0.37702268
 -0.35304207 -0.32859358 -0.30345762 -0.27732185 -0.24860655 -0.21670507
 -0.18501854 -0.15251614 -0.12138444 -0.09114427 -0.06203777 -0.03508452
 -0.0101488   0.01360491  0.03522835  0.05421729  0.07227334  0.09003805
  0.1069799   0.12078863  0.12906232  0.13412693  0.13393275  0.13153669
  0.13116777  0.12713401  0.11920544  0.104853    0.08816195  0.06212317
  0.02813441 -0.01200017 -0.04827019 -0.08417556 -0.12102112 -0.16186893
 -0.20103696 -0.23120098 -0.25877512 -0.28660116 -0.3100343  -0.32808954
 -0.343195   -0.35630223 -0.37057275 -0.38761497 -0.40296134 -0.40849122
 -0.4114265  -0.41277692 -0.4133208  -0.40574095 -0.39057702 -0.37183598
 -0.34740078 -0.31492192 -0.27611485 -0.23574536 -0.19924785 -0.16741474
 -0.13361096 -0.09701535 -0.05703996 -0.02001065  0.01767442  0.05933911
  0.09853859  0.13861318  0.18060066  0.22506964  0.27329913  0.321388
  0.37176412  0.427922    0.48696542  0.5480766   0.6106117   0.67351514
  0.73769283  0.8031831   0.87087786  0.94053006  1.0105715   1.080969
  1.1518679   1.2228281   1.2943757   1.3669271   1.438958    1.5113689
  1.5834799   1.6542025   1.7233598   1.793448    1.8642195   1.9345827
  2.0043933   2.0727851   2.1403797   2.2080078   2.2757573   2.3436198
  2.4112122   2.4791763   2.5473485   2.6156588   2.683856    2.7523658
  2.8209832   2.8895464   2.9581015   3.0261106   3.0939372   3.1618664
  3.229182    3.2963848   3.3634193   3.4306242   3.4975648   3.564466
  3.6312752   3.698189    3.7652164   3.8318892   3.8981628   3.9644904
  4.031019    4.097979    4.1649957   4.232087    4.2990565   4.3660293
  4.432758    4.499335    4.565795    4.632185    4.6985607   4.764642
  4.8304343   4.896413  ]