[2.2276502  2.2003257  2.1729443  2.1455936  2.1181648  2.090922
 2.064013   2.037267   2.0105     1.9839371  1.9569387  1.9301976
 1.9037546  1.8774434  1.8510122  1.8246756  1.7983397  1.7719793
 1.7457097  1.7193502  1.6931661  1.6670802  1.6403116  1.6132454
 1.5864325  1.5600755  1.533811   1.5077205  1.481404   1.4546453
 1.4275835  1.4007577  1.3739111  1.3465674  1.3197887  1.2935951
 1.2676811  1.2421035  1.2167727  1.1915559  1.1661849  1.141145
 1.1154131  1.0900575  1.0655555  1.042293   1.020264   0.99871755
 0.97761035 0.95663553 0.93678856 0.91777486 0.8995021  0.88329244
 0.86855656 0.85627866 0.8452109  0.8360699  0.8276598  0.8194224
 0.81169146 0.8031595  0.7952793  0.787502   0.7799921  0.772444
 0.76422745 0.75599766 0.74700534 0.73789626 0.7298054  0.7220063
 0.7121998  0.7028284  0.6965436  0.69118965 0.68636924 0.6803979
 0.67333734 0.66588867 0.6582511  0.6529441  0.648102   0.64298797
 0.63740575 0.6317915  0.62673986 0.62102437 0.6146103  0.6089955
 0.60604525 0.6018877  0.59643286 0.58995926 0.58367527 0.58016324
 0.5779799  0.5757259  0.57367057 0.57256436 0.57357734 0.5752492
 0.57731754 0.57871217 0.5818122  0.58387846 0.58664596 0.5884054
 0.5918467  0.5950238  0.5966497  0.59880865 0.6002346  0.6026049
 0.60370207 0.60447663 0.60524255 0.6091291  0.61279947 0.6160568
 0.62086195 0.6261831  0.63078874 0.63468194 0.63896644 0.64231306
 0.64559954 0.6484892  0.651296   0.65461826 0.6580936  0.6612886
 0.6657946  0.67312324 0.68038845 0.6869222  0.6931456  0.7000789
 0.7078519  0.7180323  0.72989035 0.74321496 0.75796676 0.77521586
 0.79381466 0.81361973 0.8335306  0.85489815 0.8775998  0.90219355
 0.92781514 0.9526115  0.97779405 1.004414   1.0324236  1.0602665
 1.0879548  1.115028   1.1426634  1.170592   1.1983963  1.2255872
 1.251963   1.2790185  1.306098   1.3335434  1.3613619  1.3889946
 1.4170425  1.4455181  1.4737179  1.5012995  1.5287067  1.5561825
 1.5836991  1.6109711  1.6381207  1.6653801  1.6932472  1.7198629
 1.7463336  1.7729515  1.7997545  1.826836   1.854243   1.8814629
 1.9087133  1.9357692  1.962612   1.9896023  2.016983   2.0444717
 2.0717585  2.0989797  2.1262364  2.1534493  2.1805837  2.2074966
 2.2347383  2.262182  ]