[-4.35857964e+00 -4.27553320e+00 -4.19276762e+00 -4.11005926e+00
 -4.02771330e+00 -3.94593287e+00 -3.86464739e+00 -3.78370738e+00
 -3.70267558e+00 -3.62176991e+00 -3.54123163e+00 -3.46100283e+00
 -3.38088894e+00 -3.30099511e+00 -3.22112942e+00 -3.14165020e+00
 -3.06260085e+00 -2.98437977e+00 -2.90687466e+00 -2.82979250e+00
 -2.75305200e+00 -2.67657757e+00 -2.60023355e+00 -2.52439356e+00
 -2.44895887e+00 -2.37376523e+00 -2.29920959e+00 -2.22499061e+00
 -2.15088487e+00 -2.07701731e+00 -2.00331569e+00 -1.93007851e+00
 -1.85791981e+00 -1.78635705e+00 -1.71550810e+00 -1.64506698e+00
 -1.57491541e+00 -1.50505829e+00 -1.43564701e+00 -1.36604559e+00
 -1.29703391e+00 -1.22900558e+00 -1.16122818e+00 -1.09353471e+00
 -1.02678871e+00 -9.61516559e-01 -8.97404432e-01 -8.34836304e-01
 -7.74684370e-01 -7.15077162e-01 -6.55242503e-01 -5.95940053e-01
 -5.37411213e-01 -4.81475055e-01 -4.26831096e-01 -3.73583615e-01
 -3.21040839e-01 -2.70277351e-01 -2.22248912e-01 -1.75597429e-01
 -1.30620539e-01 -8.72898474e-02 -4.68601845e-02 -1.17081450e-02
  1.77544337e-02  4.44307998e-02  6.79621771e-02  8.76608640e-02
  1.04648933e-01  1.19306952e-01  1.31779283e-01  1.43786430e-01
  1.52291179e-01  1.56435445e-01  1.57887429e-01  1.55157745e-01
  1.52109981e-01  1.48803294e-01  1.45884678e-01  1.39925748e-01
  1.35766998e-01  1.34308100e-01  1.35649249e-01  1.39721692e-01
  1.41372323e-01  1.41314611e-01  1.40017718e-01  1.36890709e-01
  1.36576414e-01  1.36826918e-01  1.38406128e-01  1.43476859e-01
  1.54984415e-01  1.68671742e-01  1.82132319e-01  1.95470169e-01
  2.06695691e-01  2.11252570e-01  2.13654637e-01  2.14589700e-01
  2.10120797e-01  2.06637830e-01  2.04244986e-01  1.97100848e-01
  1.84551612e-01  1.77611351e-01  1.71994194e-01  1.67770401e-01
  1.72070235e-01  1.81698084e-01  1.91324607e-01  2.00323761e-01
  2.08170250e-01  2.14210898e-01  2.18936458e-01  2.22299784e-01
  2.20801309e-01  2.11849734e-01  1.97588712e-01  1.81504801e-01
  1.69500917e-01  1.60249293e-01  1.49567649e-01  1.37170613e-01
  1.23438604e-01  1.05677195e-01  8.50034282e-02  5.93918636e-02
  2.99328268e-02 -1.48387160e-03 -3.62080224e-02 -7.24254251e-02
 -1.08795285e-01 -1.44411415e-01 -1.80547357e-01 -2.15516597e-01
 -2.46465117e-01 -2.75069952e-01 -3.03051353e-01 -3.30577374e-01
 -3.57929528e-01 -3.85915220e-01 -4.12896335e-01 -4.39325631e-01
 -4.65446115e-01 -4.91955996e-01 -5.17033041e-01 -5.41748881e-01
 -5.66295803e-01 -5.90161920e-01 -6.13512754e-01 -6.36906981e-01
 -6.60774052e-01 -6.85198128e-01 -7.09766686e-01 -7.34708071e-01
 -7.60793567e-01 -7.87578762e-01 -8.14251661e-01 -8.41387153e-01
 -8.68713081e-01 -8.96106005e-01 -9.23278630e-01 -9.49299634e-01
 -9.75815117e-01 -1.00261140e+00 -1.02964103e+00 -1.05682206e+00
 -1.08412814e+00 -1.11142206e+00 -1.13853383e+00 -1.16557837e+00
 -1.19250345e+00 -1.21944225e+00 -1.24653876e+00 -1.27368593e+00
 -1.30133021e+00 -1.32915294e+00 -1.35714877e+00 -1.38508928e+00
 -1.41310310e+00 -1.44174695e+00 -1.47089028e+00 -1.50066459e+00
 -1.53105450e+00 -1.56174266e+00 -1.59279156e+00 -1.62438858e+00
 -1.65691125e+00 -1.68949676e+00 -1.72157800e+00 -1.75374448e+00
 -1.78627574e+00 -1.81922603e+00 -1.85219789e+00 -1.88571072e+00
 -1.91977239e+00 -1.95409334e+00 -1.98829329e+00 -2.02291727e+00]