[3.303044   3.2527158  3.2021973  3.151864   3.1017237  3.0514624
 3.0014741  2.9519157  2.9025595  2.8535733  2.804578   2.7557786
 2.7072592  2.65904    2.6110852  2.56329    2.5155988  2.4684074
 2.4215453  2.3746622  2.328055   2.2819042  2.236029   2.1901343
 2.1443112  2.0987654  2.0542893  2.010123   1.9661729  1.9226061
 1.8793653  1.836312   1.7930706  1.749888   1.7067369  1.6638329
 1.6212536  1.5794772  1.5384792  1.4980049  1.4578582  1.4181437
 1.3790468  1.3410127  1.3035336  1.2668146  1.2310932  1.1966237
 1.1644386  1.1336488  1.1040646  1.075765   1.0482945  1.0217184
 0.99742836 0.97443205 0.95287997 0.93359154 0.91623795 0.9003812
 0.88583195 0.87245387 0.8596453  0.84721214 0.8373889  0.8288213
 0.8191559  0.81033564 0.8023261  0.79499185 0.78858346 0.7832608
 0.77807146 0.7713683  0.76488996 0.7581397  0.7522387  0.7468972
 0.74309444 0.74100816 0.73921514 0.73604447 0.7320054  0.7274435
 0.7222201  0.7170481  0.71340775 0.70997053 0.70565295 0.70218384
 0.698489   0.69469804 0.6905762  0.6874745  0.6874486  0.6875103
 0.68670005 0.686941   0.6878883  0.6885997  0.6876073  0.6868119
 0.6893621  0.6904908  0.6909087  0.69313025 0.69847506 0.7026185
 0.70545626 0.7071473  0.7095571  0.71122795 0.7126912  0.71575046
 0.7206261  0.72609025 0.733526   0.741681   0.7477898  0.75345415
 0.75841796 0.7619892  0.7654442  0.7681411  0.7702884  0.7761121
 0.78242093 0.790516   0.8005139  0.8107577  0.8204797  0.8302455
 0.8397401  0.85009956 0.86136836 0.8731313  0.88593626 0.8997056
 0.9136276  0.92777187 0.9413592  0.9560121  0.97097224 0.98602676
 1.0015076  1.0167115  1.0325565  1.0490925  1.0666834  1.0846065
 1.1029073  1.1218839  1.1409509  1.1606808  1.1808536  1.2013032
 1.22229    1.2433467  1.2646735  1.285869   1.3072561  1.3287954
 1.3504233  1.3715693  1.3915026  1.41078    1.4305565  1.450835
 1.4709761  1.4909164  1.5111235  1.5315034  1.5521625  1.5727218
 1.5929915  1.6129853  1.6330898  1.653584   1.6744422  1.6953641
 1.7164611  1.7374266  1.7580465  1.7786129  1.7995796  1.8206415
 1.8418115  1.8634307  1.8849826  1.9062405  1.9272047  1.9481649
 1.9691558  1.9905978  2.0122027  2.0343535  2.0569105  2.079552
 2.1023839  2.125609  ]